MAIN iterations 4391091211 tau sum 35651584
EPOCH TABLE
128 n 17 30 t 337 814 F/n 6.413793103448276 30.142857142857142
1024 n 61 104 t 4918 8279 F/n 8.96774193548387 43.15625
8192 n 213 372 t 78160 140863 F/n 44.29831932773109 95.99111111111111
65536 n 762 1407 t 1278115 2368955 F/n 56.18336886993603 134.25445292620864
524288 n 2866 5245 t 21576723 38741803 F/n 155.44022878932316 292.19277515192437
1048576 n 4477 8107 t 53763784 98987250 F/n 185.59897435897435 386.78300825206304
4194304 n 10790 19823 t 351049570 649858187 F/n 342.1241487161378 707.9113912811862
PRIMARY new selected L3 delta2, completed-only plus censor counts
0 128 [(0.4210004238592088, 0.018248975041568458, 0, 62), (0.608336997593008, 0.10095661013859934, 0, 62), (0.34780673661826117, 0.029025390005793482, 0, 62)]
0 1024 [(0.35975699924002885, 0.05391179744363926, 0, 64), (0.6406064788983439, 0.07278600149662365, 0, 64), (0.438044685394051, 0.039705700044818416, 0, 64)]
0 8192 [(0.43658597367089214, 0.02724658210621759, 0, 64), (0.6912549074143532, 0.046689401754451576, 0, 64), (0.43543251751116874, 0.02938992199256437, 0, 64)]
0 65536 [(0.7387013579503721, 0.03922283742446287, 0, 64), (0.7405742610917547, 0.028667625271720128, 0, 64), (0.44617536796523, 0.04192596445860645, 0, 64)]
0 524288 [(0.8397710182956359, 0.052573022284982646, 0, 64), (0.6224992740581868, 0.04984345727058863, 0, 64), (0.42841627415877737, 0.045561312434349764, 0, 64)]
0 1048576 [(0.9334087468718986, 0.011301991839952598, 0, 64), (0.7642678268745371, 0.029001654485060997, 0, 64), (0.3391850870493444, 0.03581225707144748, 0, 64)]
0 4194304 [(0.943112033807734, 0.006759494147980553, 0, 64), (0.7215862167065226, 0.03187229292189329, 0, 64), (None, None, 64, 64)]
6 128 [(0.3819713113067238, 0.03490481922326828, 0, 64), (0.7518859825583166, 0.03204396670600395, 0, 64), (0.47799324159920037, 0.0632173577210792, 0, 64)]
6 1024 [(0.34968008021519426, 0.01753005844860542, 0, 64), (0.722524798133685, 0.037274184515410945, 0, 64), (0.3225976391445037, 0.054404140251052786, 0, 64)]
6 8192 [(0.5143573922165532, 0.03271079588089773, 0, 64), (0.7514345778237701, 0.05104139792305029, 0, 64), (0.41176739680646407, 0.052854960379129255, 0, 64)]
6 65536 [(0.7028764294181311, 0.01687698633157184, 0, 64), (0.6221590319373422, 0.02692823602565381, 0, 64), (0.3649698450682297, 0.06448693657321625, 0, 64)]
6 524288 [(0.9177894241776772, 0.011850643639730188, 0, 64), (0.6814798512570776, 0.0533904687367199, 0, 64), (0.45695842100843975, 0.08491060837496757, 0, 64)]
6 1048576 [(0.9247581950161081, 0.012011522755715459, 0, 64), (0.642088321894677, 0.050906764712973646, 0, 64), (0.4216631873575693, 0.04390295104101669, 0, 64)]
6 4194304 [(0.9780052024256058, 0.004363495144854679, 0, 64), (0.6323781386847047, 0.047887262570666125, 0, 64), (None, None, 64, 64)]
REPLICATES conditional on four starting worlds
0 128 global8192 {'mean': 0.3105024194204946, 'conditional_MC_SE': 0.029529158761447714, 'world_mean_SE': 0.06317494076170323, 'per_world_means': [0.19675188746635408, 0.27343657031460755, 0.49128381953227185, 0.2805374003687451], 'mean_activity': 329.2421875, 'mean_elapsed_tau': 8192.0234375, 'mean_elapsed_steps': 149698.1171875, 'mean_D_squared': 183.421875, 'completed': 128, 'total': 128}
0 128 local32 {'mean': 0.6682397397734507, 'conditional_MC_SE': 0.02656916726682831, 'world_mean_SE': 0.03738391257942154, 'per_world_means': [0.7795656971431864, 0.6438449516246485, 0.6234335447092015, 0.6261147656167667], 'mean_activity': 32.0, 'mean_elapsed_tau': 183.375, 'mean_elapsed_steps': 1262.734375, 'mean_D_squared': 15.21875, 'completed': 128, 'total': 128}
0 4194304 global8192 {'mean': 0.958637975053278, 'conditional_MC_SE': 0.0049825998275492564, 'world_mean_SE': 0.00806703064888735, 'per_world_means': [0.9594432188373827, 0.9358429697034535, 0.9727059901133932, 0.9665597215588826], 'mean_activity': 2.7734375, 'mean_elapsed_tau': 8192.0078125, 'mean_elapsed_steps': 1538930.796875, 'mean_D_squared': 1.203125, 'completed': 128, 'total': 128}
0 4194304 local32 {'mean': 0.642137918046636, 'conditional_MC_SE': 0.028366263467432977, 'world_mean_SE': 0.017318138135034807, 'per_world_means': [0.6562984092064542, 0.6478541971979426, 0.5923982983289009, 0.6720007674532467], 'mean_activity': 32.0, 'mean_elapsed_tau': 95238.4609375, 'mean_elapsed_steps': 18092868.125, 'mean_D_squared': 15.9140625, 'completed': 128, 'total': 128}
6 128 global8192 {'mean': 0.3429474948970796, 'conditional_MC_SE': 0.030997948470449514, 'world_mean_SE': 0.030712403295431095, 'per_world_means': [0.3752250411899628, 0.28605480727910537, 0.2972143466466854, 0.4132957844725649], 'mean_activity': 215.46875, 'mean_elapsed_tau': 8192.015625, 'mean_elapsed_steps': 104055.0859375, 'mean_D_squared': 105.796875, 'completed': 128, 'total': 128}
6 128 local32 {'mean': 0.6819190965022798, 'conditional_MC_SE': 0.02719345409328333, 'world_mean_SE': 0.025177573136785918, 'per_world_means': [0.7477914828761534, 0.671701139387785, 0.6825052289688259, 0.6256785347763549], 'mean_activity': 32.0, 'mean_elapsed_tau': 313.5546875, 'mean_elapsed_steps': 1705.2109375, 'mean_D_squared': 13.671875, 'completed': 128, 'total': 128}
6 4194304 global8192 {'mean': 0.9680372177395018, 'conditional_MC_SE': 0.004933082630473545, 'world_mean_SE': 0.010603817255364195, 'per_world_means': [0.9769808243331877, 0.9369315637386495, 0.9738190291308719, 0.9844174537552977], 'mean_activity': 2.0078125, 'mean_elapsed_tau': 8192.0, 'mean_elapsed_steps': 1147356.3828125, 'mean_D_squared': 0.9375, 'completed': 128, 'total': 128}
6 4194304 local32 {'mean': 0.6530183821883907, 'conditional_MC_SE': 0.027298441601855676, 'world_mean_SE': 0.04253459307394418, 'per_world_means': [0.6822899729122346, 0.6396029963480434, 0.7464505063599174, 0.5437300531333674], 'mean_activity': 32.0, 'mean_elapsed_tau': 137324.0078125, 'mean_elapsed_steps': 18231867.9140625, 'mean_D_squared': 16.265625, 'completed': 128, 'total': 128}
COLLECTIVE CENSUS
128 register [17, 3, 9, 0, 11, 13, 8, 10] entry [7, 0, 3, 0, 6, 4, 6, 6] incomplete panels 0 recent lengths 1 7
1024 register [169, 143, 164, 53, 278, 340, 161, 188] entry [89, 96, 89, 27, 226, 220, 127, 166] incomplete panels 0 recent lengths 1 12
8192 register [968, 907, 1206, 845, 1803, 1650, 1235, 1337] entry [730, 739, 896, 712, 1573, 1345, 1094, 1245] incomplete panels 0 recent lengths 2 15
65536 register [4116, 3443, 4024, 4891, 8240, 5823, 3988, 5018] entry [3435, 3009, 3289, 4535, 7603, 5071, 3734, 4857] incomplete panels 0 recent lengths 2 17
524288 register [337, 523, 289, 487, 547, 319, 315, 398] entry [300, 459, 235, 440, 513, 267, 288, 377] incomplete panels 8 recent lengths 3 24
1048576 register [370, 610, 341, 617, 600, 347, 337, 492] entry [333, 544, 285, 561, 566, 294, 310, 471] incomplete panels 8 recent lengths 4 25
4194304 register [563, 881, 533, 929, 836, 465, 448, 822] entry [521, 805, 470, 866, 797, 405, 414, 797] incomplete panels 8 recent lengths 5 27
SELECTED PAIRS 16607 PATH APPEARANCES 176491
eligibility pairs 340303567
fork_steps 4682046623
