# E_prompt_MeV HeLi accidental alpha_n; arbitrary shape units. EVERY FIFTH original row.
2.6 0.472341 8.85411 4.9755
2.65 0.482091 10.0101 4.437
2.7 0.491893 10.7919 3.96731
2.75 0.501663 9.27591 3.54834
2.8 0.511368 7.2393 3.16553
2.85 0.520991 4.86032 2.80678
2.9 0.530523 2.44604 2.46282
2.95 0.539959 1.22126 2.12841
3.0 0.549295 0.642395 1.80297
3.05 0.558525 0.349435 1.48961
3.1 0.567648 0.314138 1.19365
3.15 0.576658 0.285901 0.921343
3.2 0.585551 0.236486 0.679402
3.25 0.594322 0.183542 0.474174
3.3 0.602969 0.134126 0.310215
3.35 0.611489 0.109419 0.188489
3.4 0.619875 0.116478 0.105486
3.45 0.628127 0.0635336 0.0539831
3.5 0.636239 0.0670632 0.0251103
3.55 0.64421 0.060004 0.0105654
3.6 0.652034 0.060004 0.00401228
3.65 0.65971 0.0388261 0.00139031
3.7 0.667233 0.0476502 0.00048161
3.75 0.674602 0.0211779 0.000245844
3.8 0.681814 0.030002 0.000261231
3.85 0.688865 0.0388261 0.000376233
3.9 0.695752 0.0211779 0.000541198
3.95 0.702474 0.0141186 0.000764689
4.0 0.709027 0.00705929 0.00117707
4.05 0.715408 0.0105889 0.00224942
4.1 0.721616 0.0123538 0.0052975
4.15 0.727648 0.00352964 0.0134677
4.2 0.733502 0.0105889 0.0333577
4.25 0.739176 1.62265e-14 0.0771117
4.3 0.744667 0.0123538 0.164138
4.35 0.749973 0.0105889 0.320743
4.4 0.755092 0.00176482 0.575616
4.45 0.760023 0.00705929 0.950128
4.5 0.764764 0.00529447 1.44521
4.55 0.769312 9.24184e-15 2.03001
4.6 0.773664 0.00705929 2.63914
4.65 0.777823 0.00352964 3.18331
4.7 0.781783 0.00176482 3.57169
4.75 0.785544 0.0 3.73828
4.8 0.789106 0.00352964 3.66103
4.85 0.792465 0.00352964 3.36597
4.9 0.795622 0.00529447 2.91568
4.95 0.798574 0.0 2.38844
5.0 0.80132 0.00529447 1.85731
5.05 0.803862 0.00705929 1.37614
5.1 0.806195 0.00529447 0.974887
5.15 0.80832 2.2998e-14 0.662411
5.2 0.810237 0.0 0.432983
5.25 0.811944 0.00705929 0.273368
5.3 0.813441 0.00352964 0.168608
5.35 0.814726 0.0105889 0.106323
5.4 0.815801 0.00176482 0.071977
5.45 0.816664 0.00352964 0.0852984
5.5 0.817314 0.00529447 0.154246
5.55 0.817753 0.00352964 0.32004
5.6 0.81798 0.00176482 0.65225
5.65 0.817993 1.338e-14 1.24857
5.7 0.817795 0.00176482 2.22053
5.75 0.817383 0.00352964 3.65962
5.8 0.81676 0.00176482 5.58659
5.85 0.815925 0.0105889 7.90063
5.9 0.814877 0.00705929 10.3553
5.95 0.813619 0.00705929 12.5869
6.0 0.81215 0.00705929 14.1997
6.05 0.81047 0.00352964 14.8828
6.1 0.808581 0.00529447 14.5106
6.15 0.806483 0.00352964 13.1808
6.2 0.804178 0.00352964 11.1747
6.25 0.801665 0.00705929 8.86039
6.3 0.798945 0.00352964 6.58508
6.35 0.796021 0.00352964 4.5977
6.4 0.792893 0.00529447 3.02216
6.45 0.789562 3.27791e-14 1.87351
6.5 0.786029 0.0 1.09665
6.55 0.782296 0.00352964 0.606379
6.6 0.778364 0.00705929 0.31661
6.65 0.774236 0.00352964 0.155932
6.7 0.769911 0.00352964 0.0723197
6.75 0.765394 0.00705929 0.0315225
6.8 0.760683 0.00529447 0.0128858
6.85 0.755783 0.00352964 0.00492979
6.9 0.750695 0.00529447 0.00176181
6.95 0.74542 1.82705e-14 0.000587209
7.0 0.739962 0.00176482 0.000182277
7.05 0.734321 1.86467e-14 5.26377e-05
7.1 0.728501 0.00352964 1.41285e-05
7.15 0.722504 0.00352964 3.5004e-06
7.2 0.716332 0.00529447 8.04223e-07
7.25 0.709989 0.0 1.73338e-07
7.3 0.703475 0.0 3.46252e-08
7.35 0.696794 0.0105889 2.07755e-09
7.4 0.689949 0.00352964 0.0
7.45 0.682944 2.01515e-14 0.0
7.5 0.67578 0.0 0.0
7.55 0.668461 0.0141186 0.0
7.6 0.660991 0.00176482 0.0
7.65 0.653372 0.00352964 0.0
7.7 0.645606 0.00882411 0.0
7.75 0.637699 2.12801e-14 0.0
7.8 0.629653 0.00352964 0.0
7.85 0.621473 0.0105889 0.0
7.9 0.613161 0.00529447 0.0
7.95 0.604721 0.0105889 0.0
8.0 0.596158 0.00176482 0.0
8.05 0.587474 0.00352964 0.0
8.1 0.578675 0.00176482 0.0
8.15 0.569765 2.27848e-14 0.0
8.2 0.560746 0.00176482 0.0
8.25 0.551623 0.00352964 0.0
8.3 0.542403 0.00352964 0.0
8.35 0.533088 2.35372e-14 0.0
8.4 0.523682 0.00529447 0.0
8.45 0.514192 0.0105889 0.0
8.5 0.504621 0.00529447 0.0
