# Transcribed numerical excerpt, NOT full original release.
# https://arxiv.org/src/2211.14988v1/anc/DayaBay_DeltaChiSq_NO_3158days.txt
# A=sin^2(2 theta13)   Delta_m32^2[eV^2]   published_Delta_chi2
0.083000 0.002100 40.682000
0.083000 0.002108 39.024000
0.083000 0.002116 37.400000
0.083000 0.002124 35.811000
0.083000 0.002132 34.255000
0.083000 0.002140 32.733000
0.083000 0.002148 31.245000
0.083000 0.002156 29.792000
0.083000 0.002164 28.373000
0.083000 0.002172 26.989000
0.083000 0.002180 25.639000
0.083000 0.002188 24.323000
0.083000 0.002196 23.043000
0.083000 0.002204 21.797000
0.083000 0.002212 20.586000
0.083000 0.002220 19.410000
0.083000 0.002228 18.269000
0.083000 0.002236 17.163000
0.083000 0.002244 16.093000
0.083000 0.002252 15.058000
0.083000 0.002260 14.058000
0.083000 0.002268 13.094000
0.083000 0.002276 12.165000
0.083000 0.002284 11.272000
0.083000 0.002292 10.415000
0.083000 0.002300 9.593000
0.083000 0.002308 8.808000
0.083000 0.002316 8.058000
0.083000 0.002324 7.345000
0.083000 0.002332 6.667000
0.083000 0.002340 6.026000
0.083000 0.002348 5.422000
0.083000 0.002356 4.853000
0.083000 0.002364 4.321000
0.083000 0.002372 3.826000
0.083000 0.002380 3.367000
0.083000 0.002388 2.945000
0.083000 0.002396 2.560000
0.083000 0.002404 2.211000
0.083000 0.002412 1.900000
0.083000 0.002420 1.625000
0.083000 0.002428 1.387000
0.083000 0.002436 1.187000
0.083000 0.002444 1.023000
0.083000 0.002452 0.897000
0.083000 0.002460 0.808000
0.083000 0.002468 0.757000
0.083000 0.002476 0.742000
0.083000 0.002484 0.765000
0.083000 0.002492 0.826000
0.083000 0.002500 0.924000
0.083000 0.002508 1.060000
0.083000 0.002516 1.234000
0.083000 0.002524 1.445000
0.083000 0.002532 1.694000
0.083000 0.002540 1.981000
0.083000 0.002548 2.305000
0.083000 0.002556 2.668000
0.083000 0.002564 3.068000
0.083000 0.002572 3.506000
0.083000 0.002580 3.983000
0.083000 0.002588 4.498000
0.083000 0.002596 5.050000
0.083000 0.002604 5.641000
0.083000 0.002612 6.270000
0.083000 0.002620 6.937000
0.083000 0.002628 7.643000
0.083000 0.002636 8.387000
0.083000 0.002644 9.169000
0.083000 0.002652 9.990000
0.083000 0.002660 10.849000
0.083000 0.002668 11.747000
0.083000 0.002676 12.683000
0.083000 0.002684 13.658000
0.083000 0.002692 14.671000
0.083000 0.002700 15.723000
0.083000 0.002708 16.814000
0.083000 0.002716 17.943000
0.083000 0.002724 19.111000
0.083000 0.002732 20.318000
0.083000 0.002740 21.564000
0.083000 0.002748 22.849000
0.083000 0.002756 24.172000
0.083000 0.002764 25.535000
0.083000 0.002772 26.937000
0.083000 0.002780 28.377000
0.083000 0.002788 29.857000
0.083000 0.002796 31.376000
0.083000 0.002804 32.934000
0.083000 0.002812 34.531000
0.083000 0.002820 36.168000
0.083000 0.002828 37.844000
0.083000 0.002836 39.559000
0.083000 0.002844 41.314000
0.083000 0.002852 43.108000
0.083000 0.002860 44.942000
0.083000 0.002868 46.815000
0.083000 0.002876 48.728000
0.083000 0.002884 50.680000
0.083000 0.002892 52.673000
0.083500 0.002100 39.718000
0.083500 0.002108 38.078000
0.083500 0.002116 36.471000
0.083500 0.002124 34.899000
0.083500 0.002132 33.360000
0.083500 0.002140 31.856000
0.083500 0.002148 30.385000
0.083500 0.002156 28.949000
0.083500 0.002164 27.546000
0.083500 0.002172 26.178000
0.083500 0.002180 24.845000
0.083500 0.002188 23.546000
0.083500 0.002196 22.281000
0.083500 0.002204 21.051000
0.083500 0.002212 19.856000
0.083500 0.002220 18.696000
0.083500 0.002228 17.570000
0.083500 0.002236 16.479000
0.083500 0.002244 15.424000
0.083500 0.002252 14.404000
0.083500 0.002260 13.419000
0.083500 0.002268 12.469000
0.083500 0.002276 11.555000
0.083500 0.002284 10.676000
0.083500 0.002292 9.833000
0.083500 0.002300 9.025000
0.083500 0.002308 8.253000
0.083500 0.002316 7.517000
0.083500 0.002324 6.817000
0.083500 0.002332 6.153000
0.083500 0.002340 5.524000
0.083500 0.002348 4.932000
0.083500 0.002356 4.377000
0.083500 0.002364 3.857000
0.083500 0.002372 3.374000
0.083500 0.002380 2.927000
0.083500 0.002388 2.517000
0.083500 0.002396 2.143000
0.083500 0.002404 1.806000
0.083500 0.002412 1.505000
0.083500 0.002420 1.242000
0.083500 0.002428 1.015000
0.083500 0.002436 0.825000
0.083500 0.002444 0.672000
0.083500 0.002452 0.556000
0.083500 0.002460 0.477000
0.083500 0.002468 0.435000
0.083500 0.002476 0.430000
0.083500 0.002484 0.463000
0.083500 0.002492 0.533000
0.083500 0.002500 0.640000
0.083500 0.002508 0.784000
0.083500 0.002516 0.966000
0.083500 0.002524 1.186000
0.083500 0.002532 1.443000
0.083500 0.002540 1.738000
0.083500 0.002548 2.070000
0.083500 0.002556 2.440000
0.083500 0.002564 2.848000
0.083500 0.002572 3.294000
0.083500 0.002580 3.777000
0.083500 0.002588 4.299000
0.083500 0.002596 4.858000
0.083500 0.002604 5.455000
0.083500 0.002612 6.090000
0.083500 0.002620 6.764000
0.083500 0.002628 7.475000
0.083500 0.002636 8.225000
0.083500 0.002644 9.012000
0.083500 0.002652 9.838000
0.083500 0.002660 10.702000
0.083500 0.002668 11.605000
0.083500 0.002676 12.546000
0.083500 0.002684 13.525000
0.083500 0.002692 14.543000
0.083500 0.002700 15.599000
0.083500 0.002708 16.693000
0.083500 0.002716 17.826000
0.083500 0.002724 18.998000
0.083500 0.002732 20.209000
0.083500 0.002740 21.458000
0.083500 0.002748 22.745000
0.083500 0.002756 24.072000
0.083500 0.002764 25.437000
0.083500 0.002772 26.841000
0.083500 0.002780 28.284000
0.083500 0.002788 29.766000
0.083500 0.002796 31.287000
0.083500 0.002804 32.847000
0.083500 0.002812 34.446000
0.083500 0.002820 36.084000
0.083500 0.002828 37.761000
0.083500 0.002836 39.478000
0.083500 0.002844 41.234000
0.083500 0.002852 43.029000
0.083500 0.002860 44.863000
0.083500 0.002868 46.737000
0.083500 0.002876 48.650000
0.083500 0.002884 50.603000
0.083500 0.002892 52.596000
# Additional interpolation-sensitivity check points:
0.082500 0.002396 3.064000
0.082500 0.002404 2.704000
0.082500 0.002412 2.382000
0.082500 0.002420 2.096000
0.082500 0.002476 1.143000
0.082500 0.002484 1.157000
0.082500 0.002492 1.209000
0.082500 0.002500 1.298000
0.082500 0.002548 2.630000
0.082500 0.002556 2.985000
0.082500 0.002564 3.378000
0.082500 0.002572 3.809000
0.084000 0.002396 1.813000
0.084000 0.002404 1.488000
0.084000 0.002412 1.199000
0.084000 0.002420 0.946000
0.084000 0.002476 0.207000
0.084000 0.002484 0.249000
0.084000 0.002492 0.328000
0.084000 0.002500 0.445000
0.084000 0.002548 1.925000
0.084000 0.002556 2.303000
0.084000 0.002564 2.718000
0.084000 0.002572 3.171000
